HONORIUS HI. 1216-1222 679

storum 1111111111111111111 111. S. 11111111. (Off 465.) 1218111112 105327-105340 5341.

11111111 diaconus cardinalis tit. S. Angeli (110111 11111111 add. 10 5376). 1215111112. 105327
-10 5340. 5341. 5361. 5376. 5386. 5403. 5420. 5482 5508 55· 5526. 5545. 5518. 5550. 5629. 5691. 5695. 5739.
6078 6112 6576. 6591. 6634. 6812. 6840. 6849. 7245. 7254. 7255. 7261. 7330. 7335. 7336-1225 Febr. 4. 107355.

11111111 (111111111110111111 tit. SS. 0111111 1101111111. 1216.01111.105340-1ο5341.5343.
5367. 5376. 5386. 5403-1217. 011. 10. 105608

1111011111111111 cardinalis 111. 88. 0111111 11 111111111. 1217. A r. 17. 10 5522-115521. 5545.
8848548550. 5558. 5629. 5690. 5695. 5739. 6029. 6078 6124. 6576. 6591. 6807. 681 6849. 7483-1226. Febr. 27.

1101111111111 diaconus cardinalis tit. S. Eustachii. 1217111118 10 5420-105482 5508 5526.
81588 Qu 88885111111111111111 tethr). 5739 (151· 1111511111111). 6112 6124 (11111111111111) - 1221.

011111111111111111111111111. 8.(1111111111111111111111. 1220.Ι111.15.106444-106576.6807. .
6812 6840. 7164. 7245. 7255. 7261. 7483-1226. Febr. 27. 10 7541.

1111111111 diaconus cardinalis 111. 8. Mariae 11 0111111111. (Cf. .465. 121811112105327
-105367, 5376. 5386. 5403. 5420. 5482. 5508 5522 5545 5548 5550 5629 53³0 5395
6078. 6112 6444. 6591. 6634 6807. 6812 6840. 6849. 7541. 7483-1226. Μ11. 9. 10 7568

01101111111111111111111111.8.1111111111111111171111111107. .466.) 121511 ,12105321
-10 5340. 5311. 5343. 5855. 5367. 5376. 5386. 5403 5420. 5482 5508 5522 55 . 55455548 55.’ . 5583. 5501
5608 5690. 5695 5747. 5862 5986. 6029. 6078. 6112 6124. 6144. 6576 8591-1211. 111. 27. 10 6634.

0111111111(111111111111111111111188811 ii 11811111. 011467.) 1215111. 12 005327-1105340,
5341. 5343 5311 5367. 5376. 5386. 54035420. 55085522 ,5548 5550. 5558 558356085629. 5690.
5695. 5739. 5747. 5862 5986. 6029. 6078 6112 6444 (151 0111 118111183ἑ1576. 6591. 6634 (1110111. 6812. 7164.
72188872541 111οὺ811).97215.7ἕέἓ1. 7330 (uti 0111111 1191111), 7331. 7 . 7355. 7364. 7478. 7483. 7541 (1110111
aui - . 11. ,110

011 11111(111111111111111111111881181111101.Ξὲέᾊὲέκώυς.12105327-10534153435811
. 1376. 5380. 5403. 5420. 5482 5508 5122. 1526. 5583 . 56955739. 5747. 5862 5986. 6078 6112.
6444. 6591. 7164. 7245. 7214. 7255. 7201. 7315. 7364. 7478 7481-1226. 111119. 107568

111111 1111511111 per 1111111
11111111 111]11111)11111118011111111111111888111111111111111. 121801111105340-

10 1. 5348 5355 5357. 5387. 5376. 5386. 5403. 5420. 5608-1212111116. 10 5621.

aaroni (811111185151ἓ11111)8.11.Ε. vicecancellarii. 1211111114. 1045112710 5522. 5523. 5526.
81ῗέ 1155141 1512101111. 1ψ’.Ε11Ὴ”1881ωὲ01ῗ561411258211(1”ῗ’18010811“8’’11115ξῖ82-Μιῗ11ἷΫῗ1186ῗ111Ῠιῗς5ἓῗῳ

timorit patriarchae 1111111111 cancellarii vicem agentis. 1219. Dec. 20. 10 6185.

'¹lffitfflirff'uffi'tpiiiffiiieffiw¹¹⁸²·st 1220. 111. 9. 10 6222-10 6330. 6441. 6576. 6631. 6801 -1222 111. 3.

vilhelmi S. R. Ε. 11111111111. 1221. 11111. 10 6680-10 6778-1222. Febr. 27. 10 6795 (uti iulii teyttur).
vitietur S. R. Ε. notarii. 1216. Aug. 12 10 5327.

Magistri 01111111
2818813511

Magistri sinibaldi auditoris contradictarum litterarum domini papae. 1226. Nor. 14. 107610.

 

